104.48
95.526
103.626
93.316
104.324
88.954
82.595
90.396
81.367
82.875
79.647
56.907
67.993
66.935
65.537
62.56
65.819
70.136
67.312
62.526
61.538
75.223
64.916
58.63
58.597
68.601
63.948
54.852
68.954
55.936
53.091
74.358
66.936
70.97
62.613
63.361
53.203
64.193
68.071
64.379
62.221
53.8
58.615
56.522
58.56
50.635
13.052
14.909
16.943
21.471
14.089
19.493
12.829
15.295
16.62
18.095
12.412
18.694
16.008
11.994
15.867
15.694
18.943
21.186
15.194
13.241
19.589
14.505
1.878
0.0
0.0
0.0
0.0
0.0
0.0
0.0
0.0
