990.75
943.57
1007.18
952.89
847.18
989.24
898.56
958.23
920.70
1003.83
987.69
951.39
861.85
1005.18
960.02
965.20
938.48
1034.30
966.51
978.45
917.49
899.01
901.13
890.70
1034.41
948.94
916.12
941.34
1024.55
948.40
948.05
898.51
905.40
930.73
989.54
943.31
927.03
954.24
979.11
1004.59
896.87
979.44
942.10
1070.00
942.89
926.78
903.69
962.87
934.79
990.77
990.06
955.79
1005.59
939.68
945.23
906.42
868.58
939.56
939.18
975.82
925.93
932.71
892.58
944.49
907.50
883.10
921.42
910.82
963.83
913.91
938.03
1037.55
1005.23
846.38
926.13
964.14
919.94
918.78
972.45
895.10
895.26
966.93
904.98
987.07
959.08
910.28
956.45
930.08
948.85
1006.48
980.76
986.37
990.13
581.76
582.58
552.20
552.32
613.40
586.46
535.85
527.62
573.70
570.04
512.23
554.02
606.22
545.33
603.77
552.45
513.84
555.41
530.24
564.18
521.56
535.22
568.97
529.86
548.10
540.24
556.64
544.61
612.06
538.18
564.23
595.16
567.10
599.42
554.31
521.28
538.62
547.23
586.13
595.89
560.87
546.61
557.40
556.92
535.75
550.06
542.36
582.11
609.00
584.76
581.19
581.11
558.91
590.74
568.80
561.68
583.70
542.48
571.27
563.38
547.20
545.41
552.48
559.83
569.59
600.67
570.84
570.42
544.28
537.47
569.23
574.15
551.37
558.19
600.12
524.91
533.91
599.14
590.09
558.92
585.40
555.17
562.95
528.67
526.37
541.22
542.32
570.37
573.59
545.03
562.47
564.71
574.38
490.00
561.57
541.66
565.68
544.43
567.27
588.09
568.79
550.45
572.24
585.14
563.98
514.54
571.67
535.97
581.04
548.95
564.99
520.68
554.77
563.36
561.72
582.65
543.25
556.91
563.66
547.68
581.26
567.49
550.66
568.27
581.12
549.48
587.10
565.15
559.76
612.25
564.50
582.85
576.51
527.97
552.89
554.20
578.54
573.98
542.00
578.13
582.63
580.58
587.90
579.50
595.05
543.47
569.96
569.51
554.11
525.26
601.30
579.89
522.82
573.75
533.14
568.61
556.72
570.40
557.15
573.02
595.55
554.27
532.12
544.44
551.26
542.11
525.26
572.93
562.24
585.16
568.19
557.23
527.90
553.41
583.42
598.15
566.39
545.36
558.58
562.44
566.93
554.49
577.10
551.68
548.89
542.58
554.76
562.09
581.37
518.83
510.80
536.36
556.74
555.12
541.34
545.14
519.61
565.29
540.04
558.51
555.37
562.95
586.82
588.48
580.25
538.76
533.27
586.40
578.12
581.93
518.09
522.70
576.46
537.57
562.59
563.77
536.29
596.25
579.88
538.06
594.23
564.57
553.91
563.73
604.07
561.06
575.00
540.53
558.36
551.60
541.84
587.34
527.19
555.41
566.96
588.75
555.85
567.18
566.87
587.08
525.66
566.51
546.33
572.27
548.01
588.98
556.91
577.46
566.79
535.35
572.29
585.23
537.15
600.63
587.93
565.92
602.33
620.21
536.27
547.38
567.03
551.82
575.35
538.42
593.24
506.33
548.58
558.51
531.67
545.42
524.56
579.82
515.23
524.77
599.98
587.09
537.20
620.60
543.23
580.46
581.21
555.72
538.15
552.92
577.23
552.42
581.64
557.69
584.59
551.68
580.92
563.77
546.53
547.37
580.28
534.41
548.40
548.09
562.09
538.08
552.87
546.49
546.52
540.86
563.44
578.01
573.71
553.23
551.41
570.11
586.84
579.70
533.30
572.04
603.68
578.38
596.64
575.54
592.77
531.88
548.17
543.33
530.90
561.32
567.52
576.88
536.60
563.44
513.59
546.64
577.12
552.10
566.29
569.21
536.05
574.07
571.42
545.98
570.82
569.15
535.06
559.69
565.89
544.40
578.26
588.88
552.19
576.41
559.21
535.78
538.39
565.61
578.18
496.38
497.17
518.09
573.53
535.16
542.65
536.69
534.85
550.36
549.87
551.97
552.66
557.43
530.37
552.83
548.85
555.98
539.75
581.38
538.33
528.90
559.26
529.03
546.48
573.97
591.62
576.57
574.70
584.61
609.99
544.59
567.42
593.85
591.02
564.58
601.37
582.40
542.36
563.89
563.71
525.91
567.99
594.00
564.96
543.50
552.60
572.93
591.57
559.37
513.44
619.00
515.64
587.04
523.61
519.73
539.01
566.64
559.27
554.23
569.38
583.64
543.22
554.75
506.17
543.73
574.08
591.72
535.78
560.66
586.55
551.44
540.37
525.97
574.68
589.25
556.22
551.51
558.98
528.83
560.54
537.47
556.47
538.76
547.14
536.04
551.92
558.57
575.63
614.12
563.64
581.65
528.79
581.02
546.71
540.20
566.73
579.96
579.24
542.96
575.04
544.43
540.28
587.90
532.98
544.73
584.22
597.80
537.35
524.30
557.01
514.86
571.44
541.61
548.98
582.52
531.67
555.50
606.31
550.86
538.65
549.40
558.27
585.77
593.84
561.13
557.19
535.96
534.85
541.13
596.84
536.25
559.62
580.99
567.56
509.65
599.00
581.18
556.20
554.05
580.85
568.25
560.09
557.68
559.58
545.20
588.98
599.00
553.35
527.07
533.20
528.16
556.24
545.22
548.17
490.00
556.42
573.29
535.50
592.64
572.68
535.87
545.68
602.11
561.51
581.65
541.50
549.73
512.40
573.18
577.37
584.50
571.22
548.45
549.81
541.67
595.75
573.86
538.30
535.92
571.37
523.98
559.82
576.01
558.53
597.80
532.87
539.30
561.03
542.11
597.68
590.54
562.59
551.85
567.10
575.84
564.45
560.87
572.36
524.89
542.44
569.54
517.61
577.47
577.04
548.83
585.87
556.05
587.00
613.29
588.05
587.49
568.18
530.49
541.38
531.79
538.72
570.03
550.26
520.96
544.32
575.27
559.22
610.62
578.78
586.04
531.85
556.35
542.79
585.91
584.46
555.74
590.02
567.96
622.36
548.19
537.11
541.98
527.63
520.44
552.02
562.03
543.51
514.40
552.52
553.47
525.69
545.73
576.02
547.12
589.90
544.62
584.17
582.23
555.35
564.68
598.72
567.59
551.15
571.59
574.63
570.00
536.33
607.54
556.85
555.90
565.05
564.83
523.47
576.11
552.58
568.45
543.88
554.02
630.00
539.42
526.55
549.99
575.82
531.28
545.65
575.49
560.36
556.46
559.82
561.70
580.20
588.84
567.53
563.32
599.48
565.46
531.09
583.44
555.90
570.16
544.09
599.70
549.80
573.54
555.77
566.92
583.50
500.58
550.54
552.59
580.23
510.50
537.64
577.43
542.98
559.00
572.08
558.65
540.59
578.36
619.39
561.25
558.33
553.85
522.83
555.86
578.97
519.03
546.87
575.70
558.87
587.78
554.41
535.47
554.65
574.97
579.27
550.30
562.65
617.48
545.71
537.50
546.69
566.78
575.69
530.17
546.58
554.03
507.41
550.68
565.56
517.54
528.90
547.76
556.32
542.75
563.54
572.26
559.10
519.41
584.32
544.37
550.87
585.03
563.99
534.99
573.60
533.02
572.49
555.76
533.93
523.78
570.40
569.78
578.69
579.45
586.24
553.19
563.33
600.11
583.57
490.00
537.52
554.26
535.24
545.62
555.30
588.91
569.06
521.90
533.77
609.28
568.18
547.77
501.16
560.84
567.46
536.41
561.41
546.52
556.50
581.59
587.10
573.35
544.32
581.37
583.78
529.94
550.36
560.36
516.73
532.55
576.96
531.48
591.83
567.58
539.66
568.77
550.02
583.28
583.87
573.22
548.63
587.72
539.66
548.75
566.85
541.52
572.78
575.19
584.01
542.64
568.93
553.57
561.33
561.04
558.52
566.44
570.64
597.61
556.47
596.33
557.01
564.23
587.28
584.97
573.16
553.22
545.48
576.80
565.58
544.32
557.13
545.33
583.29
565.63
529.87
584.90
516.43
510.08
528.70
591.49
540.79
563.85
584.41
569.07
593.25
573.92
569.78
611.34
596.00
538.48
541.80
524.72
548.49
553.52
578.88
543.19
561.30
614.47
543.76
571.14
565.01
536.75
550.27
553.19
581.78
532.48
551.84
517.84
570.73
517.18
541.50
519.00
595.16
575.76
532.16
597.25
563.39
553.09
558.56
568.68
547.94
557.36
557.38
568.05
579.53
543.30
622.36
593.11
580.42
526.03
527.26
537.14
573.40
596.01
607.20
530.18
578.49
546.54
531.47
593.21
559.80
552.48
601.84
553.50
590.90
545.12
574.53
565.31
580.25
587.16
571.50
530.44
549.65
541.96
514.36
566.88
570.67
582.90
517.10
553.35
544.25
505.45
591.14
591.38
534.65
534.70
594.73
551.32
576.96
551.90
592.57
567.47
554.04
538.23
556.82
530.08
598.51
560.27
540.14
535.97
575.61
511.89
545.58
563.64
581.83
583.49
533.82
579.82
552.30
568.07
558.79
581.83
558.57
573.23
519.29
585.98
569.72
578.66
530.35
556.27
517.67
513.56
550.58
529.58
573.34
544.37
555.50
568.05
534.31
547.95
548.64
574.86
528.58
564.76
573.80
536.58
559.89
535.57
558.71
511.80
562.46
558.47
526.34
530.85
549.80
518.43
571.00
521.98
575.55
614.35
559.87
545.89
551.83
561.89
576.93
548.50
585.88
538.35
516.81
565.05
538.92
560.88
525.64
568.88
581.74
544.74
503.29
501.04
555.67
573.96
614.67
574.98
539.42
582.70
569.33
547.71
558.16
544.25
528.33
570.51
509.58
554.07
563.51
610.62
540.23
584.79
570.46
525.98
533.85
597.65
548.43
558.34
550.35
546.48
580.17
552.63
548.03
559.45
561.61
583.44
544.44
560.91
563.52
555.51
619.89
521.09
539.85
579.27
568.00
563.08
578.85
583.16
510.88
555.03
570.24
573.46
562.58
532.35
544.65
600.37
533.89
528.94
601.55
553.25
567.05
563.22
585.14
548.67
573.54
617.98
559.46
591.51
593.89
546.37
585.76
532.06
588.46
580.82
519.71
582.37
560.33
563.17
561.93
549.77
548.24
541.20
557.44
621.28
561.70
547.64
512.37
548.93
537.61
565.34
606.97
563.92
596.71
569.46
535.87
549.29
588.58
569.41
566.14
558.24
525.85
538.00
587.61
560.95
556.38
547.42
557.86
516.93
550.56
568.52
557.91
574.12
552.45
545.82
509.74
587.84
530.98
554.18
565.78
529.32
546.76
596.93
531.11
541.72
563.19
558.20
574.68
544.84
563.39
550.28
575.64
567.84
555.82
554.29
589.11
574.36
551.20
587.93
532.09
561.27
565.95
595.03
554.84
583.72
563.20
533.33
588.58
563.44
560.70
543.47
551.46
539.34
547.40
498.96
548.34
557.00
578.28
521.51
575.36
550.10
548.87
598.27
551.36
558.38
541.23
519.51
547.07
573.87
538.96
575.84
576.01
588.63
542.33
570.51
533.56
592.39
576.49
580.26
580.12
563.65
584.95
603.30
537.53
574.13
569.25
534.65
583.29
554.76
547.76
537.85
586.09
546.71
552.08
580.34
575.91
538.83
568.55
600.29
531.91
583.28
592.32
528.89
565.93
576.15
567.48
570.81
567.24
595.61
565.93
538.37
577.40
596.77
561.67
528.77
571.81
583.09
537.61
541.30
577.82
564.06
561.46
526.76
573.52
546.85
566.82
545.75
529.06
517.98
575.42
562.32
513.83
586.47
566.54
563.59
571.15
570.50
518.80
555.19
553.29
556.17
535.70
538.24
538.59
578.08
543.95
566.99
544.77
578.62
528.90
561.68
559.37
534.90
570.51
576.00
564.37
586.42
620.67
528.09
545.10
578.43
559.19
559.72
580.50
607.73
537.72
595.58
570.06
564.57
577.92
573.50
560.43
549.35
571.35
556.52
588.91
566.19
559.21
579.25
557.89
540.47
580.60
563.11
579.05
576.19
531.89
548.44
601.28
544.41
597.52
538.84
578.40
578.61
565.70
537.95
511.34
590.33
549.68
577.48
536.51
566.52
534.72
553.92
548.57
574.94
546.25
543.46
511.24
569.50
571.31
546.38
569.70
549.93
556.30
558.56
544.28
577.23
563.54
547.95
537.46
543.38
580.82
552.42
545.47
523.12
540.26
536.16
560.04
582.80
531.21
564.07
557.32
528.94
508.48
551.82
590.94
565.47
497.59
558.60
535.96
558.62
557.18
546.29
570.66
567.47
592.70
539.08
583.17
562.38
582.37
566.74
582.79
543.10
569.40
559.95
549.10
536.35
546.58
578.12
581.14
570.87
562.82
575.72
562.08
559.71
566.57
554.56
554.07
548.64
586.94
567.74
545.06
515.91
512.18
541.23
575.85
533.25
558.33
510.51
557.17
575.49
545.87
531.79
583.13
567.93
511.54
555.47
565.95
533.88
553.27
505.63
574.22
590.24
570.40
553.17
527.23
593.83
499.42
516.27
546.34
549.54
557.83
553.81
585.92
583.71
591.19
591.62
554.54
600.78
499.75
562.00
579.67
569.73
535.11
558.21
559.79
539.81
588.18
587.15
526.08
582.47
585.44
559.50
540.03
581.73
522.36
527.56
579.94
521.41
573.88
538.61
559.62
546.67
497.02
582.02
547.19
553.46
584.93
591.82
568.29
546.87
551.50
542.97
577.31
565.37
554.10
558.35
590.93
558.25
554.68
573.89
579.65
581.77
544.94
587.32
570.52
560.29
579.76
557.61
560.24
538.92
574.59
524.08
551.49
559.86
572.43
586.71
563.85
575.33
586.06
562.79
580.57
535.05
583.21
582.95
517.38
546.72
548.32
532.91
552.92
537.40
567.82
546.27
604.65
533.54
575.96
572.19
495.50
545.84
527.56
555.63
530.11
553.71
552.30
549.53
598.80
530.11
578.72
546.67
592.73
572.28
525.12
585.76
559.70
521.32
538.63
557.41
594.79
591.67
512.13
549.72
578.12
541.68
606.75
569.11
572.17
572.18
572.06
584.43
525.40
541.24
558.19
527.88
555.54
551.50
577.46
564.59
581.07
582.06
580.08
550.66
582.19
554.56
537.16
537.13
602.86
573.87
527.68
574.01
571.76
548.09
548.04
554.19
572.04
576.54
562.04
550.49
537.01
542.82
547.21
564.96
557.91
573.59
548.71
554.51
558.13
551.10
566.88
544.22
578.36
556.48
544.70
630.00
534.35
564.16
552.48
593.91
546.09
584.86
549.05
597.46
554.76
562.45
552.11
543.16
524.33
547.71
578.21
590.25
566.35
569.42
524.70
554.30
566.96
557.16
549.39
556.39
561.89
582.32
548.78
580.14
570.22
569.32
564.56
580.03
576.89
565.47
550.11
585.83
579.05
516.35
583.77
573.46
547.39
608.09
588.07
562.63
573.77
512.87
535.16
556.63
548.20
567.07
587.20
589.01
619.23
546.74
546.06
556.21
567.74
540.60
571.07
589.35
557.84
515.04
551.43
569.60
582.81
538.61
587.69
572.70
533.78
555.82
546.19
589.07
566.64
509.81
560.68
538.51
567.45
521.52
541.49
558.06
556.93
556.59
561.64
523.74
544.34
549.56
579.24
554.28
580.21
540.37
546.12
535.83
583.31
552.54
579.64
531.16
599.28
519.01
564.16
554.41
580.23
562.32
540.34
547.97
580.60
561.78
559.06
526.49
540.75
560.41
566.36
584.27
556.99
535.52
567.92
574.05
577.67
576.18
557.06
544.40
580.78
563.66
581.36
561.07
551.36
564.01
525.71
551.11
555.71
586.30
567.10
573.68
580.33
544.59
586.97
533.60
599.39
525.15
567.87
589.07
575.18
584.54
564.06
555.61
590.60
576.17
529.05
600.98
532.02
545.34
564.56
610.56
548.24
540.93
512.62
583.06
526.06
534.75
549.78
535.04
563.65
566.23
545.52
549.54
561.41
561.56
534.21
562.51
545.94
525.32
551.34
556.94
592.30
511.15
535.47
572.65
552.19
578.10
586.14
546.11
558.15
534.72
516.54
564.52
528.34
567.38
570.03
548.34
564.82
552.79
576.75
519.56
589.84
599.57
547.68
565.50
575.72
547.91
571.25
525.97
554.28
541.86
579.48
576.39
561.56
525.74
515.53
553.48
594.79
585.33
526.45
546.05
573.76
579.91
577.02
530.29
558.46
546.09
524.78
525.40
506.21
543.49
613.38
599.97
576.15
531.61
568.12
536.87
536.68
577.51
540.80
584.03
540.50
533.46
513.29
540.94
542.89
554.79
530.70
561.68
531.01
593.68
586.13
547.73
581.82
568.53
498.45
552.59
590.64
593.46
517.77
550.82
556.27
604.83
532.55
593.98
539.80
548.05
594.85
597.84
533.11
575.87
576.45
556.83
579.72
584.84
553.76
606.67
533.19
548.85
545.38
565.56
525.51
569.43
549.42
536.67
539.18
551.70
558.82
565.89
524.77
557.38
574.03
553.40
525.51
572.39
554.54
571.06
516.32
512.19
544.01
566.22
571.18
569.85
531.65
553.42
612.69
519.79
561.73
499.83
580.17
556.00
540.27
566.85
501.36
602.11
565.75
547.30
537.94
578.62
543.28
576.50
576.60
534.82
521.46
579.39
575.85
572.29
534.22
565.06
548.89
550.07
553.87
598.73
561.42
572.88
567.89
567.94
533.63
569.38
505.92
547.52
595.09
558.88
564.71
591.37
534.05
555.93
564.51
571.69
537.23
543.09
558.80
536.10
595.43
518.48
561.87
544.92
591.97
572.13
518.95
577.69
573.15
525.40
569.85
567.39
562.10
545.51
578.17
553.23
568.62
552.21
623.99
518.69
544.72
541.69
586.12
554.99
534.11
560.38
547.54
573.74
565.93
530.41
521.18
575.04
598.34
561.82
563.10
569.43
586.30
577.34
585.23
612.16
526.01
614.10
604.25
601.28
539.75
559.20
599.64
611.43
552.06
600.64
544.43
568.93
582.27
565.66
528.34
506.63
542.51
574.32
581.67
571.34
553.65
543.15
543.29
520.82
525.84
549.41
558.29
548.86
589.49
558.68
542.05
541.43
573.73
577.71
568.57
522.28
496.08
558.36
588.76
552.10
536.44
549.25
560.58
515.74
526.10
565.04
579.75
575.48
569.14
535.78
556.03
547.76
564.02
567.14
544.64
576.87
597.71
568.39
553.03
598.99
551.39
555.56
566.85
564.43
585.91
582.99
566.61
554.29
571.66
525.72
566.44
559.96
556.94
559.46
578.04
612.55
544.90
554.64
548.08
582.80
590.82
538.88
596.08
566.22
540.40
553.18
539.77
559.54
540.08
562.32
568.37
565.00
491.01
572.84
571.20
580.54
563.00
554.02
542.22
591.05
529.63
535.35
538.91
554.22
564.51
565.47
593.51
592.07
540.24
548.70
548.83
554.46
573.83
562.11
586.01
585.25
545.06
568.13
553.89
557.03
597.12
509.67
561.45
537.61
560.88
592.34
583.89
564.42
548.47
551.43
555.20
580.04
530.29
559.32
584.30
537.45
601.10
566.16
584.98
548.07
563.13
546.59
537.34
590.48
585.95
583.56
563.48
560.37
530.78
563.76
549.39
550.32
601.76
568.04
559.81
530.50
582.28
575.82
595.73
579.33
564.00
552.65
558.89
553.91
523.19
576.61
583.55
514.70
578.78
541.44
564.32
549.00
609.30
558.25
582.66
556.65
556.62
579.06
534.24
541.17
540.02
595.48
562.38
519.89
587.09
529.61
558.58
579.08
549.62
596.75
570.58
595.50
572.02
559.09
542.25
581.30
540.80
569.09
578.40
571.73
601.29
579.31
554.21
555.22
558.42
560.57
580.96
538.89
554.81
565.27
528.46
545.60
538.35
555.10
548.60
535.22
540.21
593.62
535.05
587.05
572.26
557.47
561.66
543.71
541.73
528.29
570.32
591.49
558.40
573.02
566.28
534.16
551.12
551.64
553.84
508.40
585.58
555.98
567.87
565.74
571.99
552.83
540.94
585.75
511.89
530.14
581.90
546.12
561.19
537.31
539.61
554.34
534.69
564.73
571.71
536.68
600.86
547.06
569.15
550.27
557.99
573.75
545.22
549.27
614.72
554.77
539.40
584.67
550.97
602.23
571.29
548.85
561.67
572.09
576.76
545.44
560.15
560.92
561.94
562.18
543.04
554.33
575.11
581.99
576.59
588.90
555.15
573.68
574.99
552.45
547.85
553.04
568.85
540.02
534.35
539.13
543.94
543.61
569.99
552.54
616.03
564.19
541.30
565.00
557.77
559.19
534.03
538.56
555.01
572.31
583.15
538.30
545.98
530.15
574.07
574.02
546.08
522.11
523.93
571.46
566.69
571.37
578.00
582.20
535.92
543.93
546.84
589.33
554.40
559.48
591.78
572.43
565.83
523.84
586.48
556.75
547.96
490.00
543.66
617.84
593.51
596.72
574.21
574.75
584.49
558.59
554.69
548.90
574.97
571.75
553.61
571.09
554.88
552.98
563.71
547.44
558.83
510.90
573.24
565.86
524.77
526.55
546.59
595.03
511.50
548.17
552.33
562.48
585.78
565.26
529.77
533.01
554.41
548.62
560.25
553.61
580.03
568.08
570.92
604.85
579.71
571.52
558.10
538.16
564.42
553.41
569.16
562.32
593.58
580.60
536.04
579.59
546.40
554.26
626.19
490.00
553.63
555.84
525.23
585.17
536.24
574.95
541.73
596.96
524.97
552.88
578.81
597.67
566.83
542.58
559.07
557.19
566.64
559.92
557.90
576.44
540.71
579.74
573.14
590.10
526.33
577.14
542.14
524.38
520.14
575.03
540.87
559.33
545.81
541.46
559.77
529.03
515.87
559.24
593.48
596.58
546.56
548.49
557.27
610.49
594.18
587.11
562.50
560.49
551.97
536.24
564.93
569.40
553.32
574.55
567.35
539.96
523.47
592.40
571.83
556.36
576.95
543.30
555.50
558.23
609.15
572.37
569.55
556.14
577.85
568.25
582.65
537.48
549.06
574.94
535.73
555.55
573.44
621.69
548.86
586.49
582.61
532.81
591.42
543.58
571.51
596.52
549.89
529.70
535.72
571.09
560.27
585.37
580.05
553.93
592.63
574.20
569.78
556.43
563.51
533.18
575.72
572.08
555.86
533.90
589.60
532.58
500.75
604.43
578.66
598.61
569.11
544.52
543.32
548.03
565.27
584.83
582.07
519.49
612.09
588.97
551.75
584.35
560.44
549.92
612.67
529.54
597.33
529.74
572.47
556.60
558.84
519.80
536.64
567.43
539.87
565.52
566.90
587.21
556.61
563.24
576.56
543.50
497.41
574.21
546.60
568.88
585.71
544.84
584.05
588.47
577.54
556.64
541.73
583.04
558.51
543.51
592.43
571.41
544.74
599.16
595.60
572.28
580.13
563.99
601.23
559.57
584.58
554.05
548.62
550.83
525.19
573.85
578.98
568.05
529.74
579.47
550.05
562.00
553.20
539.35
568.45
583.04
544.09
549.10
579.03
548.28
578.79
556.75
563.89
551.12
550.43
560.32
588.17
576.35
569.40
613.98
573.28
570.60
499.20
592.22
578.43
561.62
545.17
535.54
562.78
573.70
567.28
530.15
566.49
570.72
516.37
559.88
560.17
561.33
544.59
599.66
561.17
551.54
569.63
542.84
574.41
524.58
553.63
577.72
528.73
552.38
531.16
576.79
544.14
594.75
546.78
566.51
545.58
586.63
604.25
548.68
549.45
548.24
541.59
572.40
562.12
555.91
525.43
556.47
602.81
543.63
546.03
553.45
544.77
581.42
575.21
548.42
601.56
512.90
571.65
590.76
579.09
563.11
545.22
593.16
561.07
522.25
569.33
541.11
490.00
548.73
568.43
540.44
560.32
533.35
533.39
579.44
583.94
595.28
548.42
598.77
557.44
590.10
556.75
550.30
578.44
563.44
559.50
543.61
548.89
561.12
532.49
565.15
516.59
548.01
523.12
570.98
555.58
509.73
523.35
580.86
550.50
554.29
559.51
584.87
571.30
575.43
564.68
550.94
574.86
528.20
547.08
545.37
536.76
552.27
575.97
549.69
541.45
562.79
570.94
553.57
547.71
553.63
513.38
551.24
564.10
587.96
591.29
584.40
568.61
578.13
563.09
563.29
588.36
583.12
590.15
584.50
556.96
596.58
588.13
526.89
579.34
574.27
578.85
544.82
554.86
549.33
547.19
546.16
581.13
558.00
571.81
601.36
530.68
563.18
570.41
537.05
572.43
590.44
536.45
617.70
567.19
598.41
558.66
528.58
529.39
526.92
536.89
533.85
539.72
590.66
590.80
535.50
557.50
584.87
546.29
558.81
529.38
561.12
574.27
585.55
523.05
585.05
548.35
542.18
542.89
565.71
591.70
549.90
544.33
547.22
534.64
542.97
550.14
545.89
544.01
606.77
564.27
577.83
547.31
584.07
569.60
588.56
528.69
586.05
497.11
568.60
591.04
563.04
523.46
560.61
575.86
574.80
558.88
549.52
563.33
587.73
554.82
558.21
572.23
545.80
548.69
576.57
575.63
569.42
557.66
583.52
558.26
530.36
566.25
549.80
569.85
544.99
552.63
548.07
548.98
560.87
557.55
539.87
559.04
567.77
573.56
533.69
599.45
562.83
600.20
567.10
567.41
531.81
583.43
541.55
546.01
543.64
533.30
614.03
538.10
547.83
572.53
522.76
561.24
542.90
525.67
532.68